40294751
40251643
40113778
10.1101/2024.12.16.628698*
40004153
39828795
39284534
39499013
10.1101/2025.02.02.635562*
10.1101/2025.01.03.631121*
38895424*
38464253*
10.1101/2022.10.19.512107*
10.48550/arXiv.2408.08867*
39018178
38918606
38856220
38750093
38671495
10.1093/biomet/asad052
38483513
37798250
10.1038/s41534-023-00740-6
37602516
37246643
36787742
36181835
35892093
35763934
35565312
35510185
35434695
10.1007/s12686-022-01284-1
38179127
35205415
35187673
35170983
35005773
34815312
34320637
33964465
33462362
33336197
32873716
32840568
32404926
32245959
31861624
31697351
31273215
31127088
29895639
29589560
29577871
29554127
29040376
28853484
28171656
27549615
27536236
27131873
26588844
26535622
25617623
25330172
25309574
25222615
24901238
24398800
24298061
24027418
23851338
23613906
23225993
23150607
23051181
22131218
21300845
21282640
21224255
20978139
20937604
20828396
20718860
20624743
20333184
19455210
19283063
19148272
18841251
18310616
16755356
16714021
15780146
15613317
14675758
12640520
